28954558.592905
22801624.748200
2715434.424659
13610305.371667
7699474.238160
12424978.483340
22256608.705056
23946428.895583
15992708.863214
22282056.825610
2368671.148203
7977298.971452
6647037.310760
22214076.256221
13227716.091459
29404415.418018
26550897.150735
21577495.677836
17992872.594986
7053426.948997
25549733.267691
14243547.224458
19288786.448737
14027002.158891
19312127.006018
18472533.389484
9203627.534178
14977577.219490
10155013.800626
24857650.483593
4123677.962981
10058624.443192
2343299.899942
13920918.161397
26019822.314589
6736518.004331
26449563.022380
27928494.218904
22582090.970300
13614348.452952
17496505.128847
23362861.729975
10071750.012585
26820465.275581
5275907.674109
3677945.439286
17818071.782209
3859768.260833
8163994.105865
10961213.757328
14342482.032027
5429948.739543
5101845.607532
25090383.304764
5386413.912007
7168623.120383
15994557.730610
6447896.588856
18038808.786799
14858533.084384
9884134.438171
28187265.956095
13907678.708495
28595302.911145
7440870.757427
17792079.323514
17202208.166431
19577633.627602
20406867.943495
7069765.229964
16596823.316692
1741672.385171
5783262.212105
16422241.396868
21979623.876515
14330018.073196
1997732.551048
21688576.370702
821790.185744
15203141.141051
656542.172997
11379415.538466
27076869.259173
20690005.833753
5641019.961544
6691308.023899
3517378.742667
8970919.211222
17152176.724466
4138016.098581
10681696.067372
24668816.755506
11517082.541450
9605471.588227
1364262.439836
13213081.536706
22580731.228471
10806524.657051
20512348.131531
6554082.985339
29307482.505667
7710800.658634
13197295.935227
27310207.266701
12547040.745367
599888.963166
29986212.691670
26665209.286384
29516042.848637
24232559.880904
25020650.250288
26415214.757612
11357169.918279
27616787.651914
26527271.136099
362805.759900
22089559.429097
14210551.232301
6236757.080762
28443230.204166
9208680.489237
12666345.048989
12633213.883380
8313597.952443
24725760.272014
20091111.324064
146150.106629
25538051.667773
26535410.339438
23749702.011797
23852656.380106
17536626.536114
11374683.410936
15933787.237078
8543000.108454
9358364.393790
10824900.492790
15644925.818242
1876112.632076
13260104.451799
17906273.083369
1716367.348835
4572065.132674
11094187.551402
22415689.324398
13679087.525730
493380.900899
18147312.354769
2457762.301293
21087300.635894
22297561.351662
21865728.075882
19703682.985558
1870187.459301
14411626.560917
9998802.460465
23641251.662682
18499923.641322
29184441.890337
27224342.583768
11059332.341777
19931305.640092
29508003.403677
21425320.017650
23424296.597395
11478494.437537
18844005.347354
18002549.643478
16982041.180998
16323116.007914
29502444.986670
12563724.607458
20567927.701465
5513053.129560
28669860.009928
7885203.548495
8599112.092929
1121311.976138
8026642.246769
22757493.484949
4179117.795299
11832521.727951
19482254.702365
6047653.509567
18701605.096549
25172563.870124
24383233.726948
27891004.599791
17460854.952328
18318239.775505
24518877.590673
25132398.135494
29379588.246492
7093136.612087
27382426.515541
8304057.711837
7938589.040180
2930423.640370
4680357.791870
28308732.578223
21303561.561284
5012247.472338
2796727.256406
21060777.364795
12352907.846533
25303175.712467
28880177.336392
242943.415165
6319706.397136
949321.100095
10264676.167841
4726538.217438
23176647.098340
27836266.769306
7181580.338526
27202853.551261
2508680.439442
1113381.953320
13398492.235438
8620038.164315
2254137.444355
8462397.650122
19635645.213567
13600630.375619
6664615.353274
7288610.280049
10553390.381471
15574940.609907
7614006.068148
15232702.514003
15973172.938106
1456769.047275
2287138.241529
28611874.457979
27364655.542676
29286772.593104
28522243.360676
12204041.593388
18578896.096679
22824003.063800
25339813.990700
23497247.756497
5811757.075046
17020076.501410
24239544.740354
4673225.282329
19612241.714992
8295798.564958
15458727.893991
23618967.994889
11402395.571069
24883756.659384
25302394.271500
26083921.059994
17893017.635178
8310790.157648
9619127.970423
23837282.432094
12947067.479257
26950204.330344
23880147.430922
28230443.277725
13050537.441635
863919.889681
3397768.469330
24666859.647289
5292476.338604
20714435.993662
8723215.899107
20791737.414207
8708284.111591
13572465.775019
26962407.772583
5124622.900946
18356475.784887
8461015.298571
11431227.887789
25814198.622041
15494523.809559
21081313.765192
21540050.357441
24149462.636037
22914369.265359
4603006.898028
29895673.402631
13410415.998082
13884350.586586
29308554.840574
1817701.400041
12001876.423508
19543299.048898
16344181.704655
29014787.065018
4190772.004811
2033243.482691
9153464.125202
5117294.289475
19042350.215619
9328186.160134
12040316.618433
671213.173168
12474005.389222
7069090.290694
27969006.682722
13302460.769030
5631414.249820
20833250.998568
6961934.905307
24692896.269930
12782081.811461
15701539.048256
28120108.154472
18599720.956676
2893391.628400
4623383.757236
8265557.087789
10540072.628364
8677834.677189
23056796.737119
10021262.720381
5759315.010490
16142518.144233
27202527.276827
25387873.110718
25392406.035359
21670682.132657
6961296.333561
2795005.567644
15746864.357407
9423318.727255
3642258.331983
25583537.495477
9298901.898470
18698095.304080
14475669.917498
15677884.504059
13994024.070815
20298517.571133
3276852.207451
8228593.513679
13096389.516230
22328988.356744
22027657.910388
17217910.532162
9906563.720579
27618238.034575
7206491.342136
15961328.812208
5029740.075977
22241811.874484
20935173.444694
21825432.991021
22493367.107883
1258162.240657
22885746.996245
29157044.237219
11570034.687184
12153269.085080
13488825.151305
18561446.158363
21202683.742598
11817449.568355
5161091.542217
24933837.135307
13199175.871961
22000350.680910
27684789.883189
4040058.313121
5544054.126177
19340223.571241
27768513.286193
27180026.042039
24176176.813735
15989836.736481
29100807.244665
6119015.208263
8260361.319976
15661312.092367
15743413.757561
23630932.791256
17702524.733599
7979705.584822
874642.234124
10099621.914226
7816132.108774
24791594.604021
22573509.048123
2451444.104940
28978314.134870
28102611.066765
19457432.978691
6290431.643230
14895712.149086
6027826.215253
26626429.122381
8671355.130273
16727411.613025
20394778.332909
269394.831845
10534864.623333
1400211.089306
14846436.473956
14942139.780392
3471377.468667
9713091.721934
6594875.349507
26309394.154769
957256.909804
6400069.420382
15314557.793460
21019149.430126
13098748.526433
14192091.522832
2908402.384318
1116509.120120
6455499.187394
18958983.281739
10301024.510365
8876961.547950
17038524.187882
21262852.959378
23773445.779409
5500991.239206
13186361.871069
32453.725865
14930954.466042
5726774.563326
15775507.486862
17766188.153312
5629065.869709
26220590.472845
12470390.563407
13016291.757159
29425669.018957
6758807.965122
21025131.144536
7630053.560462
29636992.766151
24333598.202513
27360401.122827
28527650.046947
1555434.487980
8872907.326792
13178523.761450
117915.421815
20666920.880784
17575898.329565
24708545.616807
8330954.021540
25113491.460264
19033332.987077
26517633.650982
16106532.232457
12494916.393144
11678225.109524
8927474.974165
4186373.687449
19935606.726941
4889843.080844
17545484.369991
22440323.058183
10715237.046709
29369351.482490
8550293.152731
11512159.475266
2260299.047319
7490175.263342
23042157.780977
11343019.026640
27747286.108215
3808585.274003
21092633.924607
20543789.233219
78462.505580
15794590.210306
29897070.028959
10453581.602290
13128323.446988
1177927.870560
25680384.822168
9423465.332753
1062229.470574
26309228.391534
20467743.373925
24505032.144211
18621216.424652
4602627.773357
20066283.060065
1211874.806195
18965026.108573
24330346.777807
21433746.683090
16203552.103740
7030006.710695
26954943.604336
28291154.659861
14673011.569594
3783879.335200
23443344.585189
19626052.300911
22156115.219605
14603185.996954
14739989.652545
12519581.081909
20180249.018530
2903073.730305
24596531.099023
26303353.949242
7019810.037537
3181241.898846
20938425.862720
8146678.106203
29906900.342428
20539394.294326
15890404.632707
24060549.635153
20210611.068069
6152244.739818
15213942.576238
18220879.896965
28289016.863377
7866706.033357
20294497.610802
27257190.129657
13957784.829226
25926716.172885
1318853.104582
16135498.843827
19824870.453412
23712136.686028
11778208.768909
2041176.269066
6440307.815153
22828441.845033
23878142.220533
21737322.804553
16102947.893460
336356.554930
24633281.500698
27115591.175772
23446379.492090
15623815.502165
15152738.867694
6526654.639387
25347058.646067
16098071.048536
28391702.544448
13903770.899024
17273862.506643
19437365.240519
2423097.162570
28619080.502588
9217024.132547
20363885.503570
7506347.100432
10531040.463649
23769738.027473
25489624.950128
23971186.014374
20163564.819369
20585188.328557
672051.343108
17043237.026072
178136.396066
21614360.954425
8403041.662513
23929236.036848
27689827.182502
29195540.118022
4521822.344980
11573967.431800
7595772.498114
14846567.953003
19868715.634903
4705899.624164
19902921.890433
10348420.002300
28935617.329941
25258196.318645
2953345.716201
19555930.319363
4568907.877820
11915447.338348
19646971.971579
2409957.149096
7369289.236346
13783955.241631
29996755.443445
1055183.383870
16654794.470061
29741506.543957
27165457.317954
12073324.865674
23698487.557462
11242097.912871
20473243.386193
9401479.533661
20817659.981497
22986859.889874
13954518.006895
4222765.183327
6686034.402669
26056313.405881
7172775.796925
28971358.927286
4624989.181309
12754092.366098
7963465.038349
12941193.668688
3671982.230169
12899945.817931
24781825.396262
29962481.404686
23784478.073187
3465838.560409
16452523.398027
22985910.006700
20388676.326873
26309323.353404
28886009.765680
15962787.560411
14085607.636391
22389471.713072
8196143.031226
29623221.100133
17943104.539577
5505120.913357
424997.867755
29830189.715802
26828105.963146
4177985.022405
22292230.954351
16238473.073560
26426895.338517
17721965.914167
27890342.839098
13161785.933584
7114210.658989
15425602.062104
22904514.949379
22821387.583334
21787671.254871
1727744.613286
18068992.411553
29301531.658741
3885341.802023
4053994.491902
139121.899262
9065201.589580
4469206.961718
25004393.305249
26663677.636489
26937583.674443
20609308.574172
29552704.896066
18691756.720418
26844589.065296
18600359.518462
24077380.916928
8558076.586668
25328477.379332
13983430.567418
10739407.789523
23084234.234599
22369245.013040
11979075.809920
17518228.351896
8228361.600679
17072840.898632
5046800.564666
7954229.774046
91987.629934
2689099.955151
20804001.002005
17086149.744432
22206606.135769
15387609.228680
18667295.224744
4982469.529067
29250020.214143
18890882.545431
16150836.540704
11778136.297551
26306717.400187
7727746.941354
2354346.169328
25805381.043708
26800717.568242
7295291.255073
29922043.198764
1528637.408828
23506419.395836
20337755.388735
11975595.444707
1108978.513158
22339407.613113
4419171.600495
11329870.238685
21895346.057239
29507038.908440
22066958.871093
23146942.360935
24848250.192639
21328983.186522
22006231.754021
6705426.844479
543830.160743
18998014.487839
14000203.252567
4675940.008202
14809687.151167
7821924.030083
15367407.618369
22245032.198239
28583956.957103
304858.901243
3561538.898073
17972333.574721
15582460.138337
24781909.423057
1591191.770263
29060325.959796
22314497.120485
20221646.277330
22825160.036554
663882.456388
6182300.086063
13812979.929263
9150089.755145
5713717.018500
4761072.342847
13959694.849396
27033851.769392
19664461.424713
27318707.575664
17981298.257251
2836477.549725
17249474.006004
22235856.389030
7227707.187024
29132963.866124
5208990.869841
26209063.971640
12611752.915827
7481352.022081
16346143.510223
26886768.335218
17869039.545588
2932049.018300
15526336.990071
1906909.683294
22318509.219151
4919006.296000
1787764.140336
9788344.972023
27403832.201081
29880412.622143
24791832.229848
18468152.572690
9173639.603478
6939304.287421
13085265.002118
17872457.572235
15228319.556533
23486777.275033
28951090.995266
6633635.095028
22077385.873535
3559006.077561
16327333.388574
13663094.103771
24636832.770675
23454644.038310
246990.973907
21029039.014187
25802192.807080
23971624.131562
28101215.281871
13373006.417788
21251734.172905
6932988.449039
12702963.711628
13225324.125250
23224774.500169
13729091.704991
22705116.190213
24743378.136587
7997343.368759
25126761.773122
4056536.590969
25717516.263152
27870541.854699
114317.440707
12751238.670400
9627967.746155
21331068.033818
7115736.808368
22181431.300096
26349573.509380
7631950.782948
21729913.487295
3519055.054385
1194891.095011
13582040.406266
4722180.214859
29169929.317671
21636429.929557
19784016.989337
27354167.121997
10011069.000105
5554678.463872
6028772.114800
17254480.470256
10327994.490991
20660042.513216
28257883.603396
901375.040898
6211771.939954
28580964.110546
18277696.826296
18538178.772295
1094714.056850
16508981.354417
22969726.193003
969427.432047
8399642.739341
28654081.820828
22298543.119805
20377590.653058
2988811.755780
22498051.431579
11795171.864782
7295381.810042
16210548.607655
22483638.422926
24648990.485458
27662162.792726
21280018.526704
3288639.516964
7313420.060869
29732159.193013
22441433.407877
2601983.686428
11330148.532539
7408236.875840
12036243.669101
10527555.058207
1479612.782095
17264147.893327
17976865.719597
14239205.231626
14476914.136588
9849782.369964
5257166.068018
29236392.358099
12151784.577205
14475741.644891
3820107.819570
12691051.352914
16395268.477028
8982592.689793
11409078.498004
22483458.252538
11378054.144398
11475717.192468
21513292.117210
6565236.068520
20756302.169892
12743180.218444
12746541.924774
6775899.041371
22686413.986107
7172108.368933
18828332.456457
10613667.826547
19916698.812765
8267390.426853
14829009.709092
14955376.010745
19392182.439436
5640457.418278
4501494.801034
28306464.502972
5960530.771193
26760535.644250
3372431.989513
5440605.523238
15364390.874408
5901336.904526
11417847.968887
28771254.895672
21033341.866838
15354921.645836
29272082.826086
2379015.843143
14689685.718249
12025607.677842
17374963.328719
25999854.513655
16068710.969640
28758724.598595
3190555.956171
11392868.809301
5397826.392242
6456131.243141
3298816.386148
10727009.125783
10735763.393110
26133937.702103
25932631.372258
249774.629043
8067164.343205
22986292.838814
24763550.485724
6394567.115968
9991813.166829
19968235.532688
21502576.424032
14426150.433717
9396892.592227
3512837.434965
21779144.634023
27089963.737613
11729516.246260
15936775.692107
7222296.504054
23934548.282459
17363158.590159
29138164.752381
23763168.677972
27323549.509021
23760498.770005
10755865.446477
21232583.250019
14411267.961710
1630678.124389
11042659.047775
9744757.070945
24085098.743319
16091320.289713
17509847.218634
21894294.019134
4611339.037778
16472462.236715
2869115.695467
6348683.796193
10886043.195894
21393173.652932
21780891.050875
4397145.720279
10741116.435392
19904197.851112
2052382.374706
12162326.238798
28265996.709825
13989972.850286
19119697.662970
23787066.597116
5494585.380424
11924587.761166
28469295.296650
5545358.489210
1503817.052430
8170271.942637
8074465.203426
28322826.237416
14258501.981650
13130850.734622
4417205.010748
26213605.069480
2380272.691957
18357173.156365
12428475.846508
25827112.865098
1888008.327930
12274760.319332
23512116.658730
678543.173200
11152433.078880
24545459.732437
20432400.842054
1103476.405937
20607505.967973
12896267.814181
25928731.140009
6161419.083507
29083677.492453
8634655.843372
27016121.667449
15329438.587595
3673798.794713
5820061.157801
15362602.077718
2792534.541749
16919170.113621
17129430.183084
9408601.973657
26608406.219289
25381604.385889
14079349.118128
